#      L (RS)      LAT (degrees)        m=0             m=1             m=2             m=3             m=4             m=5       
    19.19336263     75.62861565      0.03062501      0.14418807      0.22230105      0.32223071      0.42396934      0.51680665
    18.89994944     75.44696317      0.02977883      0.14467462      0.22197384      0.31990067      0.42125694      0.51474580
    18.59779076     75.33553851      0.02903383      0.14652558      0.22351985      0.32065511      0.42168980      0.51651084
    18.28682810     75.20954069      0.02879016      0.14959791      0.22694890      0.32373705      0.42584516      0.52268796
    17.96689392     75.09824286      0.02855774      0.15335283      0.23203405      0.32900217      0.43173040      0.53083937
    17.63827185     74.97214410      0.02836111      0.15705213      0.23687411      0.33414868      0.43731167      0.53881824
    17.30111814     74.86097689      0.02774225      0.15926096      0.24100580      0.33780117      0.44080812      0.54369287
    16.95573926     74.73478157      0.02734515      0.16264242      0.24397425      0.34091543      0.44318566      0.54672358
    16.60289436     74.60847506      0.02759732      0.16915590      0.25424900      0.35342579      0.45819235      0.56494332
    16.24352754     74.49746121      0.02821268      0.17727803      0.26605921      0.36896912      0.47649213      0.58712001
    15.87864771     74.37106473      0.02709572      0.17512753      0.26376896      0.36437726      0.46934721      0.57777026
    15.51036121     74.20479965      0.02553561      0.16930462      0.25482774      0.35184612      0.45184467      0.55528812
    15.13993874     74.07832906      0.02511694      0.16998655      0.25700887      0.35378570      0.45330951      0.55630707
    14.77018700     73.96766065      0.02462955      0.16857861      0.25574672      0.35198633      0.44995991      0.55108109
    14.40285555     73.84110991      0.02343083      0.16318852      0.24806273      0.34116466      0.43566678      0.53322646
    14.04021353     73.71445643      0.02335187      0.16349147      0.24979781      0.34229238      0.43774724      0.53451866
    13.68481414     73.60396355      0.02302448      0.16201499      0.24836417      0.34146709      0.43552095      0.53146346
    13.33763131     73.47723658      0.02332294      0.16426564      0.25290035      0.34763165      0.44337498      0.54083961
    13.00016208     73.35041026      0.02451175      0.17210861      0.26661721      0.36671727      0.46755772      0.56999909
    12.67365531     73.24010199      0.02323195      0.16272144      0.25300208      0.34810579      0.44392959      0.54088030
    12.35797402     73.11320888      0.02258870      0.15736263      0.24592070      0.33884789      0.43206563      0.52628698
    12.05369777     73.00306075      0.02249007      0.15452016      0.24311132      0.33493025      0.42753484      0.52062442
    11.76062009     72.82109676      0.02243736      0.15437909      0.24369185      0.33652757      0.42928088      0.52282282
    11.47828406     72.69406534      0.02131259      0.14473368      0.22966556      0.31721935      0.40487226      0.49324900
    11.20650052     72.58418246      0.02104107      0.14261049      0.22720015      0.31406792      0.40102509      0.48844648
    10.94439555     72.45709641      0.02138881      0.14323872      0.22940956      0.31751287      0.40577996      0.49411904
    10.69194000     72.32992079      0.02124855      0.14177450      0.22767347      0.31560754      0.40329363      0.49138710
    10.44851745     72.22024754      0.02121868      0.14111855      0.22740491      0.31547234      0.40350882      0.49175590
    10.21344790     72.09302403      0.02162447      0.14198952      0.22946540      0.31868638      0.40759756      0.49679756
     9.98651346     71.96571443      0.02168383      0.14246716      0.23107411      0.32113555      0.41099458      0.50086588
     9.76745049     71.85625975      0.02193372      0.14315981      0.23288987      0.32364582      0.41451757      0.50539956
     9.55595364     71.72890901      0.02213204      0.14475028      0.23600943      0.32837768      0.42044586      0.51269483
     9.35160852     71.60147570      0.02288452      0.14771271      0.24165648      0.33651354      0.43119557      0.52588727
     9.15424159     71.49224845      0.02388208      0.15398653      0.25239270      0.35151295      0.45052769      0.54968240
     8.96381487     71.36478076      0.02523024      0.16112746      0.26608097      0.37088600      0.47570934      0.58022414
     8.78005211     71.23723402      0.02581861      0.16537583      0.27261741      0.38039980      0.48777974      0.59509654
     8.60282488     71.07380058      0.02608214      0.16493484      0.27233425      0.38008779      0.48755384      0.59506501
     8.43203926     70.94625170      0.02660143      0.16846835      0.27848251      0.38949613      0.49960194      0.60982821
     8.26752593     70.81862790      0.02830742      0.17700924      0.29366290      0.41026134      0.52670833      0.64276369
     8.10898335     70.69093038      0.03011379      0.18725634      0.31143266      0.43536766      0.55989439      0.68249753
     7.95664760     70.58231017      0.03096226      0.19141078      0.31907462      0.44638747      0.57318556      0.69973791
     7.80992273     70.45459521      0.03081737      0.18911999      0.31581997      0.44217228      0.56787567      0.69354214
     7.66891198     70.32681010      0.03144302      0.19047634      0.31895075      0.44739238      0.57386467      0.70104359
     7.53317901     70.21844794      0.03207309      0.19450780      0.32589580      0.45681183      0.58711368      0.71685564
     7.40264824     70.09065216      0.03284650      0.19772911      0.33227292      0.46593535      0.59921437      0.73231707
     7.27701278     69.96278983      0.03350472      0.20004025      0.33720554      0.47301385      0.60847989      0.74332492
     7.15604681     69.83486216      0.03406548      0.20274856      0.34266776      0.48130754      0.61886463      0.75654381
     7.03973124     69.72682808      0.03478737      0.20453044      0.34587780      0.48592970      0.62531866      0.76429825
     6.92752026     69.59889890      0.03530662      0.20643270      0.35000777      0.49182401      0.63317420      0.77391379
     6.81941940     69.47090799      0.03732555      0.21619280      0.36720244      0.51646974      0.66499535      0.81322624
     6.71493224     69.34285658      0.03995932      0.23077186      0.39294241      0.55293823      0.71198103      0.87027319
     6.61431916     69.23516657      0.04237544      0.24457489      0.41627184      0.58604073      0.75474616      0.92332530
     6.51705225     69.10712280      0.04440164      0.25428750      0.43399370      0.61134921      0.78798056      0.96383562
     6.42304881     68.97902217      0.04663425      0.26521887      0.45416611      0.64026851      0.82501464      1.00944751
     6.33208228     68.85086591      0.04911543      0.27884173      0.47752953      0.67313561      0.86785718      1.06186644
     6.24391816     68.72265527      0.05149314      0.29162241      0.50018456      0.70527001      0.90930528      1.11343803
     6.15857013     68.61539633      0.05374611      0.30362515      0.52115834      0.73515856      0.94797202      1.16003133
     6.07574407     68.48720487      0.05589583      0.31523798      0.54143164      0.76446724      0.98629949      1.20727235
     5.99547613     68.30546556      0.05822572      0.32768938      0.56379006      0.79649699      1.02703924      1.25762526
     5.91749559     68.17721149      0.06089889      0.34145799      0.58789740      0.83064560      1.07149755      1.31358864
     5.84160748     68.04890977      0.06372314      0.35637773      0.61469776      0.86883668      1.12151104      1.37292859
     5.76808824     67.94218747      0.06665602      0.37288453      0.64310952      0.91011427      1.17477123      1.43878483
     5.69626492     67.81391743      0.06990622      0.39064806      0.67449392      0.95417057      1.23184459      1.50966203
     5.62636739     67.68560340      0.07317431      0.41064711      0.70670776      1.00023755      1.29142435      1.58249901
     5.55842864     67.55724663      0.07627011      0.42748959      0.73979694      1.04714389      1.35257800      1.65705523
     5.49220448     67.42884841      0.07888155      0.44641712      0.77281285      1.09355041      1.41343875      1.73170418
     5.42746313     67.32260919      0.08292285      0.46518982      0.80598438      1.14315558      1.47447392      1.80687399
     5.36443371     67.19425414      0.08583538      0.48412299      0.84077909      1.19056978      1.53861095      1.88562766
     5.30300075     67.06586129      0.08978006      0.50641177      0.87982326      1.24553160      1.60960515      1.97295472
     5.24284312     66.93743192      0.09398411      0.53637028      0.92319507      1.30734427      1.69039005      2.07208499
     5.18410474     66.80896730      0.09864906      0.55815725      0.96983258      1.37504157      1.77788066      2.17949873
     5.12664032     66.68046871      0.10327728      0.58628231      1.01917329      1.44594953      1.87027578      2.29187682
     5.07035048     66.55193742      0.10773718      0.61542698      1.07095207      1.51912574      1.96526716      2.40831444
     5.01541235     66.44638415      0.11269317      0.64539479      1.12437694      1.59446102      2.06233994      2.52917952
     4.96178083     66.31791228      0.11933831      0.67739560      1.18048975      1.67583957      2.16710793      2.65764971
     4.90908107     66.18941138      0.12320987      0.71329184      1.24384911      1.76556537      2.28232320      2.80112317
     4.85756379     66.06088275      0.12967127      0.75261912      1.31381519      1.86498739      2.41396761      2.96041813
     4.80708238     65.93232766      0.13825364      0.79665768      1.39082700      1.97531602      2.55658828      3.13679948
     4.75760717     65.80374741      0.14378938      0.84304554      1.47333396      2.09298929      2.70857221      3.32293709
     4.70908335     65.67514328      0.15076913      0.89266104      1.55961991      2.21762880      2.87040741      3.52206800
     4.66148163     65.54651657      0.15868909      0.94380383      1.65267929      2.34777599      3.04966736      3.72999419
     4.61487779     65.44179656      0.16698019      1.00008765      1.74965872      2.48823437      3.22130772      3.95095096
     4.56905121     65.31324777      0.17529445      1.06275662      1.85475394      2.63829237      3.41546208      4.19048451
     4.52417274     65.18468007      0.18467632      1.12193082      1.96837793      2.80003899      3.62605356      4.45039982
     4.48009408     65.05609474      0.19422692      1.19277089      2.09515961      2.97517421      3.85269672      4.72750705
     4.43691300     64.92749307      0.20503345      1.26670574      2.22242968      3.16336069      4.09721664      5.02891044
     4.39432748     64.85096063      0.21522923      1.34737957      2.36510987      3.36600339      4.36110375      5.35309910
     4.35277256     64.72227776      0.22646630      1.43257092      2.51492488      3.58059877      4.63969833      5.69495324
     4.31176101     64.59358191      0.23849139      1.52197370      2.67409793      3.80889579      4.93635515      6.05960140
     4.27145011     64.46487436      0.25164862      1.61826014      2.84574681      4.05302295      5.25188500      6.44756504
     4.23193608     64.33615642      0.26456811      1.72154507      3.02805609      4.31415362      5.59251651      6.86719702
     4.19298772     64.20742938      0.27775693      1.83196152      3.22587609      4.59702228      5.95963812      7.31807105
     4.15484934     64.07869454      0.29158207      1.95305738      3.44013322      4.90382365      6.36243474      7.80835586
     4.11716662     63.94995320      0.31876768      2.08672279      3.67859246      5.24388457      6.79830459      8.35042361
     4.08017720     63.82120665      0.32536475      2.23217746      3.93684427      5.61428297      7.27942788      8.94024454
     4.04387265     63.69245621      0.34275409      2.38973524      4.21865192      6.01588135      7.80212430      9.58366976
     4.00812612     63.58931517      0.36150554      2.56270691      4.52505398      6.45835223      8.37651072     10.28884539
     3.97295281     63.46067661      0.38079951      2.74929753      4.86237404      6.93891880      9.00097491     11.05762004
     3.93826992     63.33203779      0.40457818      2.95823756      5.23043633      7.46393451      9.68453074     11.89730217
     3.90425550     63.20340001      0.42540782      3.18319415      5.62968219      8.03908253     10.43293264     12.81660725
