#      L (RS)      LAT (degrees)        m=0             m=1             m=2             m=3             m=4             m=5       
    24.50393523     75.62861565      0.02077246      0.07664386      0.13192813      0.18547976      0.23845655      0.29169137
    23.47681872     75.44696317      0.02251661      0.08119706      0.13964646      0.19624288      0.25219432      0.30842414
    22.48482671     75.26523250      0.02471189      0.08774093      0.15055310      0.21148478      0.27213978      0.33241553
    21.52245901     75.04263701      0.02779320      0.09733779      0.16673089      0.23456276      0.30118888      0.36788881
    20.58648229     74.86097689      0.03122181      0.10733074      0.18350143      0.25763873      0.33129878      0.40463885
    19.66967153     74.67925042      0.03279580      0.11098308      0.18945554      0.26605776      0.34197829      0.41783602
    18.76695330     74.49746121      0.03324713      0.11053802      0.18809505      0.26434806      0.33983112      0.41494780
    17.87730329     74.31561288      0.05215025      0.11635302      0.19754312      0.27782278      0.35697131      0.43698839
    17.00379716     74.13370909      0.03784687      0.12153017      0.20642507      0.28985370      0.37275574      0.45550477
    16.15480668     73.96766065      0.04254072      0.13389660      0.22783083      0.32001709      0.41170438      0.50312241
    15.34354232     73.78583448      0.04133313      0.12949503      0.21947590      0.30832817      0.39673529      0.48476009
    14.58374911     73.60396355      0.04180053      0.12949356      0.21931781      0.30810778      0.39649707      0.48446174
    13.88399013     73.42205150      0.04207964      0.13044344      0.22081771      0.31016957      0.39927303      0.48794848
    13.24732520     73.24010199      0.04376610      0.13561466      0.22925258      0.32233311      0.41463695      0.50690100
    12.66847501     73.05811869      0.04405972      0.13577783      0.22872007      0.32160163      0.41375577      0.50576225
    12.14208792     72.87610525      0.04261028      0.13242394      0.22384646      0.31435604      0.40456114      0.49458583
    11.66072292     72.69406534      0.04222656      0.13168741      0.22212096      0.31208883      0.40160809      0.49075399
    11.21835269     72.51200262      0.04020652      0.12525936      0.21159163      0.29728801      0.38271878      0.46776546
    10.80871930     72.38480766      0.04078702      0.12728167      0.21475777      0.30187175      0.38835272      0.47476552
    10.42806641     72.22024754      0.04060450      0.12728704      0.21496662      0.30194530      0.38861565      0.47444687
    10.07242796     72.03825842      0.04146795      0.12963569      0.21876728      0.30729638      0.39549732      0.48373711
     9.73847391     71.85625975      0.04190512      0.13164067      0.22189609      0.31209057      0.40190710      0.49132995
     9.42482711     71.67425520      0.04296430      0.13547395      0.22858208      0.32134719      0.41369796      0.50596877
     9.12942687     71.49224845      0.04577293      0.14441963      0.24390075      0.34279481      0.44103576      0.54001450
     8.85113179     71.31024316      0.04881577      0.15465934      0.26127746      0.36750798      0.47319335      0.57883502
     8.58933315     71.12824302      0.04901419      0.15571658      0.26309993      0.36991420      0.47656853      0.58306828
     8.34251575     70.94625170      0.05138430      0.16383715      0.27703446      0.38944372      0.50221537      0.61439973
     8.11084533     70.76427286      0.05553097      0.17894464      0.30264897      0.42579111      0.54841141      0.67115235
     7.89295534     70.58231017      0.05669265      0.18306185      0.30991279      0.43600801      0.56168270      0.68656209
     7.68800943     70.40036731      0.05644762      0.18387159      0.31066615      0.43748417      0.56326573      0.68861427
     7.49598473     70.21844794      0.05869297      0.19146281      0.32121582      0.45154523      0.58215075      0.71303025
     7.31645522     70.01689348      0.05915118      0.19413057      0.32919612      0.46414410      0.59697657      0.73107473
     7.14674793     69.83486216      0.06002395      0.19864354      0.33688412      0.47417403      0.61132059      0.74785611
     6.98554636     69.65286578      0.06095272      0.20086391      0.34126499      0.48039158      0.61940987      0.75799934
     6.83152004     69.47090799      0.06301259      0.21171794      0.35970362      0.50632698      0.65296539      0.79895286
     6.68508512     69.28899244      0.06842282      0.23291850      0.39563708      0.55715321      0.72966570      0.87929790
     6.54450403     69.10712280      0.07268623      0.24958386      0.42458368      0.59804562      0.77103223      0.94429869
     6.41121369     68.92530271      0.07694558      0.26637737      0.45318289      0.63838470      0.82242921      1.00778815
     6.28322553     68.79718136      0.08213478      0.28586422      0.48604414      0.68568598      0.88460655      1.08239276
     6.16043456     68.61539633      0.08651743      0.30422254      0.51480570      0.72891418      0.94029539      1.15106573
     6.04327966     68.43367072      0.09057899      0.32122073      0.54757131      0.77203631      0.99593301      1.21945852
     5.93106744     68.23067101      0.09515097      0.34065360      0.58092597      0.79658692      1.05720420      1.29500465
     5.82302919     68.04890977      0.10057804      0.36330431      0.61993176      0.87450203      1.12828618      1.38206721
     5.71903235     67.86721936      0.10631041      0.38811376      0.66328941      0.93576675      1.20775667      1.47925328
     5.61827002     67.68560340      0.11276705      0.41584455      0.71040311      1.00266018      1.29411697      1.58525637
     5.52213156     67.50406547      0.11845320      0.44292680      0.75737452      1.06940866      1.38049821      1.69096594
     5.42913382     67.32260919      0.12463933      0.47079212      0.80581962      1.13767854      1.46844549      1.79893731
     5.33917353     67.11887626      0.13135681      0.49898644      0.85662007      1.21024416      1.56311168      1.91503335
     5.25220182     66.99040398      0.13942876      0.53515585      0.91764211      1.29657571      1.67408690      2.05079249
     5.16821410     66.80896730      0.14818561      0.57457936      0.98621312      1.39373518      1.79707948      2.20556859
     5.08706684     66.62762617      0.15701408      0.61697222      1.05832388      1.49665638      1.93260323      2.36863826
     5.00811581     66.42337473      0.16280429      0.66030429      1.13486035      1.60514996      2.07409437      2.54204396
     4.93135336     66.24207532      0.17629446      0.70910308      1.22096054      1.72680898      2.23207806      2.73565493
     4.85726816     66.06088275      0.18887144      0.76649418      1.31930576      1.86813974      2.41456169      2.95926141
     4.78523092     65.87980054      0.20309659      0.83187975      1.43349873      2.02864896      2.62229827      3.21383544
     4.71520540     65.72761750      0.21649306      0.90228095      1.55654620      2.20623907      2.84979341      3.49258798
     4.64717226     65.54651657      0.23107592      0.97834082      1.69004958      2.39352673      3.09524163      3.79462930
     4.58105294     65.36553626      0.24724271      1.06120894      1.83558612      2.60157952      3.36417481      4.12490392
     4.51634731     65.16051381      0.26482180      1.15543315      1.99920086      2.83566845      3.66706519      4.49798224
     4.45344574     64.97962920      0.28480765      1.26055597      2.18368435      3.09693412      4.00610329      4.91317293
     4.39243771     64.79887635      0.30537978      1.37509021      2.38523108      3.38419219      4.37816609      5.36828381
     4.33315809     64.67024589      0.32757053      1.50030927      2.60439519      3.69614205      4.78340229      5.86752700
     4.27510538     64.46487436      0.35052493      1.63666337      2.84390375      4.03926838      5.22856957      6.41414146
     4.21834577     64.28428495      0.37663939      1.78837012      3.11326266      4.42103356      5.72502951      7.02450414
     4.16319228     64.10384087      0.40283838      1.95779254      3.41293166      4.84769899      6.27649730      7.70137394
     4.10928047     63.89824692      0.43225066      2.14956090      3.75195037      5.33392050      6.90674532      8.47658236
     4.05647396     63.71795217      0.46572859      2.37031648      4.14015381      5.88902862      7.62631508      9.36361565
     4.00523095     63.56370317      0.50232545      2.61801725      4.57802830      6.51297501      8.43906589     10.35622014
     3.95463753     63.38347015      0.53944004      2.90282426      5.08068271      7.23106351      9.37043912     11.50341278
     3.90560968     63.20340001      0.58380375      3.21758429      5.64538772      8.03850898     10.41983340     12.79134902
